0,476
3,2
3,1
3,3
10,272
10,258
10,244
10,134
10,280
10,282
10,172
10,190
11,11
11,12
11,2
11,3
9,6
9,4
9,2
9,3
8,9
8,12
8,16
8,17
8,6
8,4
8,2
8,3
18,1
18,3
14,10
2,2
2,1
2,3
98,5
98,3
98,1
97,3
97,1
96,3
96,1
95,3
95,1
94,3
94,1
93,3
93,1
92,3
92,1
91,3
91,1
90,3
90,1
89,3
89,1
88,3
88,1
87,3
87,1
86,3
86,1
85,3
85,1
84,3
84,1
83,3
83,1
82,3
82,1
81,3
81,1
80,3
80,1
79,3
79,1
78,3
78,1
77,3
77,1
76,3
76,1
74,3
74,1
73,3
73,1
71,3
71,1
70,3
70,1
69,16
68,3
68,1
67,5
67,3
67,1
66,3
66,1
65,5
65,3
65,1
50,6
50,5
50,3
50,1
49,12
49,11
49,10
49,9
49,8
49,7
49,3
49,0
20,3
20,2
20,1
19,3
19,2
19,1
14,14
14,12
14,11
14,7
14,6
14,4
12,3
12,2
